obstot <- 60
obsbkg <- 30
C <- 1
